21
13
117
20
1
6
25
1
4
25
0
3
6
1
6
10
3
2
25
1
4
24
25
0
3
24
14
2
95
25
1
5
25
1
4
24
13
10
11
24
25
1
3
24
10
2
58
25
0
3
25
1
4
24
3
1
4
93
25
1
5
25
1
4
24
13
10
12
24
25
1
3
24
10
18
2
91
25
1
4
25
1
4
24
6
1
0
3
1
4
93
11
14
4
18
25
1
15
25
1
5
25
1
4
24
13
10
16
24
25
1
3
24
10
3
1
8
25
0
4
6
1
3
1
25
0
4
24
6
10
12
18
2
160
25
0
5
25
0
4
24
13
10
21
22
1
25
0
4
25
0
4
24
6
1
0
3
1
4
124
25
0
3
22
1
25
0
3
24
6
0
10
18
2
220
5
0
3
25
0
15
24
2
196
25
0
3
24
25
0
4
24
26
2
4
213
25
0
15
24
18
2
211
25
0
3
24
26
1
4
213
11
28
25
0
3
22
1
4
165
9
